48
17732
415
212424
5888
3021824
4743
11706
211782
3004984
3021772
364
3015102
3021953
240314
232240
17737
881
3004548
3021713
224934
227841
233135
226574
3021527
20955
237449
244398
60
3020964
18148
225593
235673
35850
202974
3012915
3004100
3004086
3011894
3000968
212871
3020167
3016699
229265
3006335
210226
3017324
242894
214100
31115
20307
202000
4036
13547
31914
215770
3012888
226072
201826
205892
3013254
242598
218703
3013723
3006583
241411
211707
233327
212779
215180
3013187
3017803
212103
3017251
241585
3015430
3019916
3018218
3000264
3015072
3018264
3021225
3019125
3017650
3020272
223796
3004491
235651
3015169
213241
210329
3004106
242967
3015963
239464
3004007
3012219
3018227
3018606
3021887
3004811
3019237
3020996
3004805
3006819
3017191
3004746
3004593
3005954
3014618
40527
230650
21906
231865
5125
240064
3018642
3001103
239051
3006474
200953
3001019
403
3004942
8884
231236
3005212
755
5309
2071
12
316
3005030
3013191
3012519
214671
10306
10280
200946
242641
242968
240590
217146
201396
2150
3011262
2551
2828
16282
244375
202574
3006966
39185
216723
3015084
3020932
3004217
3000843
3015413
3000052
17421
3012157
3004944
239270
217802
240468
203219
5364
34388
3011496
626
2321
3005613
30001
234271
242275
225820
219037
234014
233513
33199
41224
3020020
211196
24591
241425
213909
3015145
3019320
203737
243995
230110
222686
206468
239078
18113
3014254
3004231
3016641
3006664
3018457
3006746
27781
236948
206263
223566
15213
41643
205133
224372
19694
3014998
3004187
3014365
242260
3004898
15663
8082
4349
17422
3004497
203500
202320
3000879
214918
225568
16018
476
231668
200957
226278
18218
242609
3005447
232328
3004894
3019752
231749
35620
32123
232999
3011877
204999
240057
4388
226866
3015393
221743
2193
10602
17046
3000523
3021227
3016854
3004233
3004078
3014369
232250
3398
3016073
216276
224631
3018377
3018140
3004054
3018494
3004224
3005330
223062
3009894
2163
3015194
211702
239135
236542
221824
3006366
235214
3004020
3014395
3004018
222465
3001198
3012298
3006394
3021468
3017067
19623
210696
231087
222888
210128
3020547
3018532
239659
3021131
3020967
3019618
3013265
213739
3019575
3004035
3016892
3021966
3020133
3019100
3005577
3016597
3021462
3000049
3020233
3014508
3000796
3019119
3020269
3021177
3017875
3020623
3020654
3017791
238465
3020721
3000928
3004238
3021607
3020181
3020960
3014457
3000182
3015797
3020497
12121
3019907
3020530
3017822
3019560
3012621
3019562
3021221
3021407
3004220
3020645
3021301
3004205
3021744
3012310
3004637
3020463
3017617
3000658
3018447
211195
3006121
3012831
3001182
3009895
3014825
3017774
238494
3015802
3014487
3021053
3014015
3017963
3012336
3006386
3020978
3013540
3015529
3018665
3015293
3017916
3012554
3006916
3019401
3014372
3021358
3021467
3021981
3021456
3021530
3021780
3021905
3021817
3021859
3021579
3020114
3013505
3020423
3020171
3018063
3005951
3017262
3020756
3020778
3021307
3006701
3021844
3021861
3022068
3021807
5367
3021894
3021762
3022036
3021874
3021062
3019333
3019615
3006589
3021342
3011477
3021288
3017352
3021558
3017557
3021405
224210
220744
224035
233552
3006759
240706
233493
3019528
215068
234333
3019896
3019475
3017412
3020486
3021216
3014354
3020822
3017914
3020452
3021050
1005002342
1005002287
3006695
3007090
233657
233685
233544
3014971
233535
233551
3021390
3021408
3005325
46
239053
239000
3012359
224337
64
40745
1005002779
233628
3011607
214850
3011524
233621
3011572
237729
233601
3017544
219475
39140
202449
38310
3018175
41363
220841
230588
3014856
213222
201378
3021058
3017516
240607
3011580
3017631
224167
28446
239768
3011648
241681
226269
1000019578
217609
208182
18058
233604
3017555
3011595
3017559
3021071
1000021387
1000021159
226930
1931
40691
21674
1000020740
3006370
3004992
3006577
38702
237802
3017610
233491
3017601
233618
1005003274
3011558
3014684
233554
233620
210047
3004332
26383
222110
29935
225910
3005336
213466
8906
3018654
3017622
222733
233642
233602
3013132
220782
3011614
237300
3017545
3004584
240454
217396
215668
652
39419
3006095
1000022877
19583
4087
243525
233043
28444
233759
233616
3011529
233667
3014116
3012047
233579
3011506
237293
233505
217013
38642
9269
9408
36074
215678
225667
218132
221837
203550
3016188
33810
56
404
224760
34553
237716
27
229931
3018079
206526
243293
237567
3005755
3000937
242281
231418
3019812
3012849
215351
3015655
227801
233434
3012717
242611
33695
39903
3018087
3015022
3011904
242962
3014237
3016116
3014070
242280
33748
3005185
3007360
3019825
221485
3006741
211524
3012538
232099
3018075
233218
3012348
236114
242920
240030
242249
3016300
207639
243150
233448
3001137
226130
221851
241304
3006693
3018403
3013291
242842
3006466
241908
3015265
3015691
3000925
3016231
242398
16739
223861
3017987
3001140
3014444
3018116
232919
241781
3005952
3020338
242543
3016134
3001169
3004351
241056
243906
3004828
3011311
203982
3011986
3012755
3015632
233807
3016367
243903
3019553
222414
242455
3012971
3015449
242231
3006379
3017585
3012680
235301
3013485
3009545
3019934
3015552
225821
231572
225164
239743
3014388
3016294
3014141
3012486
234829
29732
232202
3012902
3015930
3013800
225222
242222
3005641
3004280
236454
202591
3019721
232013
3007320
3014367
3012275
3007554
239581
3013270
242210
242019
222081
3004282
3013572
3018371
3007067
3015913
3012463
233802
3006696
242906
210882
3018566
215286
3017506
244739
3018018
3005800
235720
3010283
3006000
230438
3007774
3015377
3014485
3006499
3018489
242691
244088
3017747
3011395
242891
231456
3011324
3004123
3020017
3018183
3018151
241641
235056
3014907
3012042
222938
3006082
3016113
3014179
239300
225851
242272
3006885
3015254
3018107
3005177
3015105
3019293
235601
3015835
3014632
3005386
3020056
3005275
3012586
3007778
3009230
3004161
3005449
3005210
3020191
3015225
3021018
224004
3001187
223734
3011215
3014615
3016471
3018481
235768
3006378
3015518
3011809
3004089
3004047
3020352
3018858
3017799
3012825
3006053
3005545
244652
228601
244490
241333
3018368
3017995
3018022
244717
3019439
3013706
3007003
239938
3019641
3020296
3018660
3018476
209968
3020002
3015428
3018156
3011897
3000252
240102
3016909
241039
243664
239511
3020563
3000969
207147
3006896
3018109
3012364
3004624
3017952
3018599
3015360
3006632
3000960
3012924
3018108
239172
201603
3012716
3018047
3018096
3016403
3017938
3018184
3006004
3014630
3001112
3013728
3020107
240412
3007001
3001093
3015969
3004158
3013273
3005041
3020380
3014956
3019629
202971
3004167
232777
3014080
3015642
3016847
3019978
3019868
3012405
3012402
3018767
240754
3017804
3011334
3008737
3005649
3021425
3004935
3012194
3018740
204167
3012063
217667
239372
240985
226086
3016378
3018003
3006075
3018083
3015457
3019941
3011686
3015706
201652
241691
3015648
3007348
206852
3016205
242331
3015318
3012791
3012182
3018420
3012960
3007045
3020117
226683
3005764
27900
3000698
3020541
3018318
3006484
235063
3013626
3017684
3014511
244699
3016204
3017785
3014797
3019444
3019324
3017001
3006054
3020210
3019156
3017574
3019950
3019866
3020106
3018861
3004639
3004352
3005634
3013004
3007319
244784
3015837
3004173
3021573
3006645
3016357
3013115
3019308
3014391
3018552
3009186
3019261
3004084
3006572
3013713
3015434
3005580
3016921
3015743
3017882
3018143
3012801
3017373
3013181
3015627
3016361
3006298
3018572
244344
3014074
3004338
3005749
3016382
3017314
239208
3018204
3020581
3006667
3021821
3020009
3017905
3016285
3012707
3014007
3000807
3015269
3019576
3005659
3000526
3020122
3019469
3013589
3020443
225042
3007026
3018479
3021920
3019483
3006945
3012906
3017560
3020755
3018429
3016328
3012857
3012449
3019767
242613
231642
3020807
3004355
3020403
3019463
3009689
3020349
3007007
3013566
3020115
3020995
3018894
3020376
3019891
3019903
3014383
3017520
3000985
3018588
3018309
230091
3004200
3020238
3014363
3015571
3004817
230554
3019863
3007110
3018916
3020495
3018542
3005986
3018344
3016070
3012938
3020505
3017873
3018094
3020001
3019485
3013518
3021185
3018298
3011603
3012688
3020013
3006092
237910
3014886
3012601
3020866
3014883
3018410
3015316
3014210
3018297
3019824
3019833
3007435
3018240
3017407
3014317
3015692
3019008
3007039
3020582
3015439
3017101
3020673
3021095
3018117
3019585
3015355
3020813
3018849
3010341
3017155
3018946
3017965
3014266
3017903
3017513
3006392
230396
3018223
3012461
3018210
3020339
3017759
3017821
3019137
3019840
3019869
3021703
3006528
3015071
3018649
3018400
3020298
3012213
3005533
3006487
3018406
3001005
3014973
241723
3015968
241610
3019780
3021277
3018246
3019173
3021442
3007513
3020706
3021346
3021290
3019457
3006396
3019870
224766
3018086
3020351
3018892
3019416
3020455
244207
239308
3005204
3020647
3020923
3018945
3020695
3021212
3017933
3019448
3021174
3020817
226675
3021711
3019451
3020295
3015991
3007035
3011454
3019022
3005673
3016355
3018990
3021215
3021292
244148
3021395
3021335
3020907
3021895
3020824
3021199
221346
3015067
3012871
3019085
3005945
3017605
3004201
3012411
3019030
3013715
3021313
3021765
3021197
3021246
3012952
3021226
3021231
3021479
3021466
3021457
3018591
3019652
3007055
3016624
238611
3014066
3020605
3017948
3012291
3020472
3021355
3021572
3021470
3021418
3021843
3021681
3021460
3021672
3020876
3021877
3019750
3018811
3021692
3019270
3021889
3017983
3012292
3016529
3012361
3017534
3021816
3021555
3021524
3021796
3021732
3017704
3021625
3021996
3021373
3021483
3007075
3016469
3021620
242895
3017937
3021825
3021686
3021668
3021932
3021820
3021947
3021806
3021724
3021514
3021885
3011463
3007005
3012652
3007453
3014392
3018034
3018411
3018360
3019723
3018492
3021799
3021892
3021730
3020976
3021563
3021657
3021826
3021935
3021638
3021736
3015368
3017686
3019759
239384
3004110
3016358
243111
3018695
3018619
239331
3021647
3021958
3021846
3021760
3021809
3021784
3021787
3021670
3021404
3021773
3019793
3020701
3012620
3012553
3006353
235245
3020276
3021024
3020560
3020318
3022056
3021556
3021829
3021845
3021819
3022019
3021972
3021537
3021589
3015584
3000228
3018929
3012693
3019563
3013461
3018846
3020253
3012518
3017149
3022061
3021930
3021590
3022005
3020278
3021600
24759
202756
16746
5358
3019848
234383
3020176
3017592
240881
3007779
3016694
3019772
3019209
3019167
220733
17323
20003
223256
205669
222984
3004489
10513
5403
21687
3017857
3021910
3020453
3011304
3020681
3020473
3017842
3021622
3014469
3018966
19304
52
201599
3464
201605
16027
209330
8891
203820
220745
244220
3021631
3011083
3013427
3005571
3014470
3017777
3005584
237714
3018293
3011787
27257
12779
233093
221519
16948
220455
5396
41401
201600
3018254
3006506
3018263
3012686
3017360
3020382
3019773
3000921
3005437
3015741
220755
219070
203825
210759
220739
216814
28079
220791
220752
223331
3020684
3019566
3019064
3007528
3015237
3018981
3020424
3011925
3015469
3018830
1005000241
237511
205365
3018101
31777
232625
41209
218785
16538
224039
3018185
240736
3020190
3019766
3019516
3012530
3020846
3019015
3019527
3019710
1000005927
211262
221655
212634
233332
243565
232967
239400
215182
215827
3021506
3012415
3017608
3019908
3001156
3019883
3019001
3018994
3019876
3012265
214120
30107
232209
223669
35431
225877
30588
223084
201027
238354
3020989
3017972
244820
3020232
3018806
3020178
3019369
3014491
3006175
3019218
202095
226765
10438
203831
3005888
221372
222606
3004440
238284
220767
3018110
3014787
3017813
3021804
3018493
3021731
3006377
3019346
3006936
3020633
232622
210122
232624
242238
223803
233225
3007436
222988
232312
226038
3013362
3017863
3006333
3019849
3020373
3005633
3017068
3015870
3017746
3020468
229997
223550
220097
224471
38732
224192
233007
203829
238005
232335
3018064
3012701
3018847
3018114
3016276
3018266
3004523
3020198
3014283
3018144
1107
218032
3652
215367
219590
33444
220749
215511
624
239292
3020595
3015128
3021970
3020580
3017285
3021044
3019356
3020408
3016751
3020425
203801
224565
237763
20664
221361
2924
203822
33035
220746
219083
3018917
3018241
3018833
3016760
3020286
3017364
3017483
3020438
3014264
3019947
1005004780
205704
27258
224083
220757
236709
1000007734
233396
6704
3020571
229219
3021757
3017745
3019990
3021469
3013684
3009911
3019550
3007790
3016332
215942
223309
209938
3013144
222360
3013740
211931
240351
222722
15382
3018668
3021138
3018242
3016515
3015401
3010456
3019537
3018838
3016683
3019535
221759
2677
232053
15436
34930
3015871
30807
215607
16032
35964
3020231
3020285
3021167
3021267
3018172
3019781
3021714
3014158
3018485
3021165
27927
239379
220793
229109
235501
11915
232365
232707
239146
242217
3019820
3021284
3019837
3018692
3013150
3019754
3021492
3019498
3020919
3019517
4984
226343
239750
215941
213168
227442
3016197
231779
18920
3020069
238342
3019473
3021851
3020072
3016237
3017784
3017624
3019020
3021243
3014235
223009
217775
1005000302
41991
21203
239301
236306
236996
3016163
3016137
3018903
3017931
3020994
3020292
3018835
3020131
3018666
3020878
3019803
3019757
203134
233441
227200
16037
3015511
236099
238384
232769
227475
235039
3021004
3018534
3019239
3021908
3019831
3018886
3019201
3018964
3021223
3019943
231028
18317
3013208
242226
220768
28036
238122
216018
201497
244271
3020662
3019267
3021758
3020153
3018877
3017532
3019551
3019397
3018904
3020407
227852
18366
30088
232021
240630
213050
15687
219261
223804
1000025940
3021628
9568
3021149
3019403
3019127
3020716
3020515
3019382
3018616
3021842
3011959
227430
243766
220896
225690
3018001
203901
227443
201688
227476
1000015649
3021349
3019698
3021345
3019419
3018757
3018500
3021287
3019257
3019489
3021171
239150
219951
223580
238690
223793
234959
232626
233166
1000016426
3017209
3019865
3019798
3021091
3020690
3019729
3020894
3020528
3020055
3021801
1005000282
236276
209991
202749
1005000264
214895
214332
3016174
228067
2768
3020085
3021886
3021884
3019501
3021546
3020762
3018417
3021068
3020971
3020914
228333
220759
3005627
232033
20264
16566
219561
13324
225240
233169
3021493
3019906
3021802
3021317
3021289
3021872
3020665
3021037
3021275
3021286
220724
240725
227039
235140
1005000248
227976
234401
225215
200922
235659
3020078
3021232
3021597
3021183
3021170
3018564
3021368
3018347
3021382
3021594
227441
233893
211425
234973
220790
215938
1005000321
5263
7895
225094
3021279
3019472
3021250
3021376
3021413
3021213
3021771
3021248
3021929
3018814
41183
210680
229139
3001031
20580
1005000219
242948
238819
214690
219348
3021643
3021448
3021576
3021051
3016722
3021403
3021857
3021621
3021090
3021925
3005162
1005000314
226433
214458
224568
225990
3013070
242310
225518
232069
3021228
3021942
3021521
3021487
3021224
3021733
3021458
3021685
3021735
3021881
1005000316
12942
231652
204048
235292
224902
30212
240961
233235
204681
3021781
3021741
3021903
3020952
3021743
3021833
3015970
3021785
3011974
3021242
236537
236242
40715
215341
226463
234539
233211
203898
16232
239153
1000034840
3021940
3021853
3021726
3021656
3021870
3021063
3021655
3021476
3020986
3021689
216180
1005000252
226203
237165
3006016
220772
214911
621
232042
3021717
3021551
3021583
3021755
3021577
3021789
3021676
3021684
3021412
3021341
242224
1005000272
215803
3004680
8838
215785
242308
216914
232270
235754
3019323
3021888
3021502
3018795
3021550
3021678
3021535
3022008
3021729
3022092
1005004074
15802
7215
1005000320
239234
20956
239383
1005000247
20996
21541
3021564
3021359
3022075
3022015
3021798
3018675
3021987
3021992
3022097
3021424
17911
203141
244155
24988
5482
25150
215805
228757
224133
216911
3022032
3022043
3021430
3018781
3021707
3020816
3021948
3022054
3022062
3018621
235502
1944
212255
1000014933
236077
202215
226111
981
215835
3021619
3021980
3021501
3022052
3021973
3021977
3021748
3021477
3022013
3022103
15314
37454
241983
232068
3001134
3006584
211324
216627
201816
32309
3021971
3020953
3021800
3021767
3021967
3021700
3021841
3022113
3022051
3022041
212692
1000024976
212924
223330
214475
3006702
236278
224508
232755
239953
3021098
3021951
3021982
3021962
3021443
3022148
3022105
3021963
3005100
31851
236066
200686
235486
34660
233088
215911
17495
239886
242002
224042
208074
28005
3015350
3005146
5413
224330
205231
3015908
16284
3014285
20623
238780
234903
217831
3005117
3012689
3012633
29249
231692
1000004896
212029
3007325
1005000708
242474
234074
3013575
3006445
242527
220738
242472
242536
41612
12565
244210
3015097
13193
3017739
236988
229634
240718
224749
3014862
3006332
1000036881
8889
224024
3005149
12452
235174
241847
17419
3167
3018563
232134
226518
211193
223351
34151
3019639
23210
242873
242372
1000034487
3005675
220806
234589
242021
1005001692
213029
1005003141
239386
216218
22516
235002
1000022963
1000009724
235570
1000036902
3013101
233205
218599
1005002283
3005119
220732
1000037750
242229
214056
3014279
224181
241057
242501
9525
20769
3004816
28409
235162
5049
219529
1000028581
29826
7234
242262
214614
243184
3001130
240398
3005129
3007154
219279
3006682
34932
15507
210597
233996
225648
226404
235004
222068
236453
30961
3006930
242378
1005001512
3014284
205479
1005001574
238557
3013210
212453
212942
215240
28778
221864
1005000283
3018138
214315
3015245
3012095
231592
201667
3014274
237971
241853
3005101
242375
29582
234169
3014269
212715
239648
237912
1005003921
221943
215297
1005001517
203558
1000015537
226589
220579
202596
1000007498
219921
3006752
5286
31911
242221
242211
3013605
242209
3018363
24942
232226
1000019290
214470
220539
1000037807
217830
209953
201010
3018282
214119
3016372
214471
3005147
9673
220753
226329
220737
242154
9185
3005615
18473
9607
236169
3226
25203
214401
1000014859
235583
22642
242745
39338
3016052
3012782
200966
242693
234609
223588
212486
1000030812
1000038848
1005004777
9344
1000019046
238125
37037
23165
41220
36493
231974
3014855
242223
1000009254
3013163
220740
241054
3016139
223840
234019
235173
239903
1000037810
219336
1000036586
225437
227733
3004138
218137
36143
21009
3016667
3016144
3001122
1000039090
1000038911
1005000394
223497
234575
1000038195
212385
1000034531
1000034469
213574
1000014917
234678
9703
214751
1000017532
37206
1000034349
226016
3012656
3001120
218663
5223
1005001631
3012844
3012517
3013142
235172
226530
1000038399
224564
38654
241374
234473
213552
34196
231982
40023
1000017781
242872
242065
225683
1000039313
3012772
3012734
3013220
3012493
3017462
3001119
235404
233692
220417
39864
26863
220795
34194
227504
222574
3005143
3012770
3005098
3012945
3012650
1005001129
1000038588
33353
3012789
12835
242169
39785
6715
212848
225221
226019
225886
211028
234629
226001
3014378
1000036329
3007317
3005135
232629
219675
214872
225592
3005087
227562
1166
234720
211233
231192
21393
220862
3006549
236740
226387
231983
239241
236594
237570
3001162
1000036860
3016158
237493
3012732
232126
3005052
3012139
3014381
36328
34096
38049
200980
202708
240697
3004511
21869
203816
3005115
3013128
223604
3014287
220888
3012642
1000008053
3014091
242726
238761
3005255
30220
25125
28122
223445
203865
233936
1000005928
37843
220764
220098
3005102
242864
3013202
243090
3007232
41294
220774
1000035612
202199
233464
8170
3007769
25575
203832
5599
16677
23896
220742
237731
224591
3006843
234812
233933
1005001740
220784
1005002279
3004126
243269
26373
1000015952
12604
3005240
234620
37105
212181
3689
10346
14372
1005000399
3017752
3005846
241974
225082
242502
3005170
242457
242274
12811
3014275
212196
40144
240418
233276
3013836
205246
202588
242336
9361
6820
242328
1005000409
235175
3005927
3016170
3012780
216960
3007182
1395
234428
37619
210837
3004579
213156
201177
8941
21182
210424
233946
3015747
3016214
1000039506
3007115
233952
243609
232097
3006636
37045
3005141
3013489
5541
35292
39539
19644
37624
223105
212624
216325
222676
242245
1000008493
3016160
220829
220933
234294
242339
234273
3015048
202115
1000024053
215282
242777
34002
212564
204080
231269
10508
210305
37107
243633
242652
3016213
3016173
1005001439
1000009700
217239
3004492
236726
3006213
211462
215287
36969
38192
226003
1000026053
203850
211291
23351
202345
242711
3012787
3016121
242155
7394
229181
3005261
1005001764
223821
1005002090
235503
18328
3015138
212759
232902
1000034827
1005001262
31108
3006733
215625
226766
3018954
212560
3016154
238487
1000038446
213968
236646
234009
242324
207923
1000009765
9384
9565
234460
5170
232262
3014951
36226
3013321
8077
24863
242029
3005661
1005004765
242593
244342
205797
1000036795
242866
3015085
3014300
1000024801
30969
35530
8459
220787
10560
1000025970
21252
3016148
240397
1005000699
237751
3016192
232338
1000035623
238563
243595
241898
212551
242791
200975
1000001522
202257
1000005103
209413
21816
1000025226
223627
639
1000038966
231026
221096
242859
234317
3016132
238269
1005002300
219998
19035
233977
13114
13078
228628
5963
239417
210838
8825
203303
10247
235317
3012848
1000007478
1164
3016149
242332
3005105
203582
17124
224566
215317
3013172
216424
234864
220800
1000029308
41875
215436
204249
234643
3016175
3013204
3004672
232205
3016135
3020070
3013230
240344
225355
224896
41704
220785
9606
231000
38970
202646
1000009715
18550
38779
19346
3001040
240239
1000038325
203556
231724
3005813
234817
1005001813
3016140
225452
1000013449
216222
208011
226322
8353
201379
1000026007
38343
222344
36655
3005126
231476
1000037733
223838
236139
3001121
221374
1005001840
234804
3016159
10189
37422
3004448
35429
1000025437
40866
234419
1000038899
1000005671
1000009739
1005001184
233778
3005851
215129
1000037205
3015780
13165
3015765
1000035196
1000019374
211213
37175
230031
24038
22960
3015793
7179
31726
23333
219644
1005001110
3004268
3015726
226083
215241
33706
3013066
1000026778
1000025915
10317
25063
222005
3016552
241004
233940
211478
233440
204143
233696
242862
220225
3005832
35513
1005001810
225832
1000037382
242251
3016161
3016120
26388
3004011
234721
230405
203577
36606
214101
4250
21865
35769
9068
1000007479
3006665
15521
242548
3004079
233635
3013125
221642
203834
3007092
223928
242780
1000019144
35542
1000000300
28152
38364
23985
241982
242678
240370
29696
1000038906
2873
215185
3005441
3016138
235171
239258
3006761
17160
234863
207707
38133
225692
27604
20260
219429
211940
224145
242325
225630
233935
242530
1005003168
1005000396
227295
224684
240258
222687
204406
19560
241130
203337
41518
242861
24429
38491
234726
215363
243912
3016165
3005632
1000038894
3016122
220867
3018224
221559
242469
205834
212290
201157
13433
208127
10606
232366
235086
227849
219620
231681
3012785
3005820
223839
1005004866
3016123
3018600
1005002295
1165
223362
23127
210785
1000034182
224582
10458
3019987
41217
1000001719
1005000440
36229
1000030076
224207
225344
242508
242535
3006210
13135
1000036318
225632
215806
41672
37582
35427
220641
9362
2143
7253
20551
7947
1000019507
234462
1000008133
211583
3012904
234644
1000016241
237056
3001124
235027
232359
1000027172
3005040
23548
239751
3012723
202281
204754
211234
3020110
1000035486
1000017487
241987
3006712
3014101
3013861
223790
676
3014149
3005124
1000034493
213669
3006287
18319
231093
211331
6495
31156
236803
28057
227851
240286
3016184
238382
3013003
1005000415
3016136
1005000422
3019666
3016151
5180
24865
240699
28708
206380
240679
36251
1000038930
10879
210129
214552
242053
3016129
1000008272
213242
242860
3016143
243568
1005001623
3008487
13963
38555
18888
29590
241128
244565
1005000315
215246
3006288
22488
214882
234596
3005642
225898
13084
1005000694
224897
242286
226106
242334
23130
234400
39003
232112
3017094
214553
204629
212244
17552
210257
11829
215181
1000036884
3005152
243572
3016193
1000034495
1005001862
3016185
3014216
3016150
211944
1000016817
38155
226718
38342
214362
11010
221772
232078
37939
3005114
1005000709
242355
242589
203511
240065
242076
3015530
235759
1005002289
211383
3004719
213847
209322
208001
38557
10853
240611
21944
3016201
235721
234934
3005388
242335
230568
1000026972
231972
3014182
1005000201
1000036898
8492
19893
214009
200089
1005000312
208057
9819
3005046
230204
35269
203851
3012759
3016141
237164
234522
225253
234129
220743
234981
3014190
212129
201519
225473
1000014073
215289
242317
201077
39693
19267
238513
238830
234746
41303
3005871
242449
230772
242554
220770
3006129
1000019810
23246
232257
40047
38004
204968
3012826
3013298
3017674
3012479
2149
12771
42122
217946
23688
224388
36400
202789
211661
11878
19227
21053
15196
241213
239948
40891
224575
27677
220620
225282
38682
28877
3000832
28589
227483
12719
1005000285
234036
3019687
21680
217017
209705
227514
201529
15590
230565
242633
1000026129
201873
207376
1000017368
3019680
19351
244318
25105
25514
218922
14977
23237
26203
3019791
202167
3012500
213912
225394
200672
207657
220954
234367
238409
21145
9993
3014424
218934
36418
226810
7260
219564
233641
231799
229592
229080
33354
227509
224818
234785
225552
3006070
21330
1000037809
242911
35414
41898
218543
206676
8421
211184
3007539
3016106
221170
225303
3007336
224017
201558
242675
3016864
227836
1005002024
242326
35885
243913
233112
1000023246
37614
223296
18521
221599
232369
214435
240623
242576
3016257
244027
3017814
230726
214780
23945
230406
3014733
1000025204
27683
27587
41246
1000005926
212236
9782
3015390
3016262
3017334
242638
3000028
3019724
242858
201999
3016747
3011510
14852
11024
28712
225737
233139
201886
233832
233147
24303
40159
211237
238623
3018510
240214
234773
235769
201003
3006507
237970
3004886
23434
211384
233891
13298
232336
3018586
228299
1000033732
220723
25123
9124
23473
224217
3005728
3000878
213831
3006902
225341
217094
27915
3012909
225393
34993
7293
16941
3018388
21860
234992
208058
201315
24208
23298
216936
214940
3017771
240581
3015649
216836
224284
3006242
3012852
236495
3004807
206377
9504
20852
1000001555
36031
3007193
25432
3009968
218380
22716
243863
229445
221576
242016
35299
3019306
233219
1000034476
24405
214028
15383
14535
41476
3013224
1005002293
224274
3006402
1005000423
3004439
234960
242587
234483
224211
235160
37319
202194
239882
28106
10002
204291
225318
27802
3016167
3001161
1000038761
242017
242500
1005001468
232017
243907
3016130
1005001864
21524
217368
38128
36979
232356
32755
220535
200053
223791
23363
1005002294
220794
3004101
240371
1000025787
241055
233292
239143
234648
2552
3005328
24584
40356
212461
23360
223049
37106
240218
218142
27593
243429
232125
3014281
228556
1005001648
1000037227
20372
224686
1005000963
1000037839
3016164
207986
36901
226858
236249
3779
206855
40524
201175
227559
228649
10152
3007155
242450
224997
3016147
1000027159
236752
3006042
3006009
235698
224542
11056
231076
218892
3014159
27431
224873
233919
8679
22119
1005003003
220758
5589
237875
242533
27785
3013790
1000038950
202853
3013707
3016133
10825
39277
223795
42062
22702
209410
3014435
20275
3465
3012969
9378
3016172
202191
236753
242532
1005002976
242477
234459
226144
1000026253
3018020
12135
26008
39326
222735
25915
3005198
38822
212030
213981
3000994
1005001514
1000039873
201056
1005000185
234745
214880
3006738
3016169
234118
210593
18646
21823
241323
38319
20763
34884
11305
1000002994
1000021475
3016217
242435
1005001896
3005848
210460
3016202
226166
3011417
1000007745
234585
210362
6871
4507
15495
20619
216454
41862
204083
20755
242369
240448
242163
3005109
3015261
1000027810
240262
1000038049
243342
234974
213878
33147
236659
233951
39863
1000024920
7421
37394
24711
239087
224213
237394
243914
234348
1005001547
224185
220117
1000038435
239003
1000008049
209760
3015894
208009
213194
21829
41275
206289
1000027343
24804
241986
3004533
3012728
234065
242165
242374
1000039510
234168
623
238087
1005002773
8374
35764
1000009745
200664
25644
41691
10034
209432
8912
214894
23534
3013278
242746
244401
234958
242843
1005002968
212930
1000034508
29647
241251
40735
24874
25677
225784
41316
3547
39415
200600
206279
3014636
236982
1005001550
1005000393
231961
3016203
226587
3015794
234478
3005891
1000037870
14870
7011
36500
41061
20033
1000015154
234398
1000019509
35068
242849
3004087
3004534
243245
3016125
215882
234869
240284
1005001498
243320
22066
20015
209665
3012898
202212
7587
1000035609
240227
7207
23905
3001111
217543
1000038925
3007018
243760
210082
242557
231843
7588
30846
214839
37007
5685
23116
210664
219761
17454
225011
3004660
1000007450
3006831
1000037324
3013907
224418
3013238
40211
3018098
219623
220804
7048
235087
39918
19042
3007417
1005002945
201589
3001132
241058
3005095
1000037658
221249
1000002973
3012877
240723
8704
226887
217801
212208
200948
1000009741
20980
1000016992
1005000770
3013865
235156
211353
3019649
216016
242164
224683
1005000243
225902
239796
3006567
200577
11500
40649
20851
238584
25548
35503
5339
1000017253
214587
242312
30944
35342
3005335
1005001803
3005144
224000
3012726
3016128
229049
242377
222160
206374
3006864
204574
6345
20583
3006677
211090
233163
3013199
1000036327
234798
239028
28668
242876
1005004812
3019999
225620
241965
5767
16189
22154
22086
200030
1005004757
215539
210902
200986
17500
3014898
225517
216056
22636
1005001831
234268
3006634
210620
40283
208103
226878
217822
1000033683
35532
36287
35477
224214
1005003283
1000035619
234228
1005003021
224331
3015755
234114
3016142
1000036887
3005852
35580
1005000221
242004
35476
9631
206635
208191
215689
1000024632
37360
234580
221295
243630
240333
222226
242963
1000036891
9359
225106
1000014324
225515
200230
1000001482
212420
27618
200727
28203
41370
222757
3017554
20068
1005001823
7555
3004135
1005000388
236598
215897
3005905
1005000754
1000004403
201672
234566
1140
41506
236676
28960
202200
215953
218784
1000035614
23958
3015900
231932
1005000703
3004800
1000036883
226764
240068
238991
3020162
1005000296
1000017465
22668
206544
8490
207679
28285
9528
7361
3012916
3005935
3014289
3015303
242242
1000005992
221941
241907
1000016603
13255
1000015506
7026
25811
25999
211215
234623
36440
212705
3012534
1000038007
436
238681
235315
234308
6773
1005001576
225639
223446
223426
210986
220936
237457
1000007190
211358
20812
25017
19872
211512
233843
3013074
243784
234287
1005000750
1000017954
3014280
3012708
232297
239466
233555
41114
222730
36097
34814
38620
225774
39947
21206
32732
214001
3014088
242507
226629
235313
27746
3005108
3004044
3005103
1000030018
229491
203346
20060
207813
14570
3013056
22527
14413
200560
38326
3004681
28539
233329
234499
230243
3012881
3005140
234570
1000036624
234331
1000038957
22204
21756
240683
203608
3475
207750
10809
22750
3006735
210304
3004717
20866
3004683
14754
1005001691
221972
1005001323
3004349
220769
3014277
3004803
204101
1000002795
1000034905
9161
210894
3892
3012860
226803
24420
1000024796
26873
240241
223964
1005001842
1000037463
233921
1000038694
1005001876
235917
1000024501
24993
203926
3005696
41446
39417
201347
205747
35186
38611
224853
216603
1000038752
3001126
1005000747
238750
1005001289
221041
3004682
244104
1000036899
34777
208190
220809
3559
240360
35520
217051
13744
201516
41296
210540
220781
3006962
3016008
240483
239100
222361
3014005
234573
3016131
234793
39355
212166
35440
20402
1000002794
216421
9942
209303
212065
1000038677
16273
211686
1000039019
224037
3006319
3005835
225619
3016182
1005004761
8875
22420
18882
18897
39189
9357
219396
11911
3005420
28469
244295
3005445
243284
221756
3016183
242496
1000025735
3014035
215910
5325
1000033967
211059
210806
24592
3004129
41777
6595
239902
211101
39449
226088
3012893
233825
3004677
3016126
3018713
220884
1005001548
236716
201154
1858
12519
238822
42053
235017
20111
3006124
216826
3013221
211479
234007
29106
1005000233
233030
1000037354
221684
224588
226087
241913
244083
21993
21832
31314
27609
207023
210483
242481
215318
22798
1000025297
22077
1000038866
35737
3004802
1000037659
5960
234759
234449
235359
1000037732
234131
1000037812
242370
207018
22213
213464
25395
3005667
8979
9913
203357
24679
229774
214873
235055
1005000875
1000036882
242612
39272
3019659
225856
36819
41923
200184
3535
229060
19204
207461
1000038916
219613
35417
35983
3012711
1005001900
240380
234340
235982
3072
232222
221226
232888
3007404
9698
3012560
35510
210703
3014187
223939
14306
3015375
223169
3004137
1005001272
233717
3016127
1000037426
1000036886
3004676
24880
1005002881
41784
210706
211415
236719
34942
210452
23988
37912
21316
1005000970
24973
1000035494
3006969
217709
1000028630
235636
3018578
223007
226801
1000028219
209785
234532
220803
240575
237112
214265
38843
24580
36998
1005003134
1005000764
209473
3015906
36301
3009213
24738
1000037894
38758
225638
1000037642
14117
1000036828
211671
11529
1641
210570
1000034299
201433
24486
3011880
21960
3016152
27098
222708
239093
240438
241886
242106
222070
234377
3020498
40455
34656
19414
3016263
40874
213174
21894
35581
208012
15889
3005099
236317
35647
1000038221
3001133
239539
1000026361
1000027416
3004674
8259
200432
1000024932
203034
38613
237278
207134
28782
229754
210246
242380
1000038910
227633
13469
3016059
1005001402
236483
3005156
1005001186
224685
18662
33146
225539
6893
211427
1000022710
22621
1005002361
226229
219743
2870
225510
226314
242399
239482
1005000753
3014828
242549
242156
242219
211485
23937
233698
11623
41651
224923
1000018487
1000031611
3012876
1000035193
3004844
200989
240394
3009204
242111
224206
1005003449
3015177
207293
242506
3008750
222547
223373
236761
1000004554
15796
23699
239382
201266
7744
1005001797
1000031180
243119
225796
1000007192
242338
237342
3015242
204330
242112
242437
9823
206777
41891
34983
21123
200100
22058
41176
211049
211261
3018640
1000028999
212727
242095
1000037250
1000039215
233031
3013259
233922
40504
37661
221771
37506
207856
213040
5302
8673
232231
20719
18658
232264
233995
1000035617
224209
1000026581
3005867
9696
242379
1000028673
207723
220883
34739
37648
8466
204545
6869
3006988
200894
3005845
3178
3012874
208195
1005003063
3007264
16744
214564
234127
1005004809
1000033042
38257
217806
23804
9912
20632
1005004759
202343
39249
205279
21617
8732
242213
3006390
242544
232670
5128
1000035613
226152
201207
1000039216
3000041
235789
35404
206375
3006970
212345
36205
209923
24870
35972
3018735
10094
1000001523
244098
39877
236590
201742
3005838
34140
1005004793
220763
9835
15233
210571
41648
207729
18468
230589
211198
3004046
3005943
233870
233966
233975
1000039297
3001152
230264
1005000418
1000036885
11023
34792
8682
229975
211511
201150
3142
207459
211594
7153
3016153
3005623
1000031745
3012818
3007640
3005215
1000036775
1005002411
3005150
3004961
226703
8823
236103
211482
38442
209627
200954
1000036015
2514
216324
3004770
1005000424
239293
3006197
231906
3019992
1000028907
3015037
234560
1005003810
200214
21759
200492
231504
232098
3014859
239247
3017968
219514
200494
231117
40730
232221
1005001176
244046
242386
240340
1005000744
228700
242206
201499
3014048
244101
3006585
38742
18384
19714
12141
39663
21776
201294
14324
3017993
26572
242706
42044
234255
225177
3182
226179
1000003202
240295
1000038401
202441
37146
3019970
222400
206288
11299
1000035620
22241
21501
205225
3014688
243911
243155
3014947
233678
220796
1000007971
3005748
237290
3014107
200884
41400
239391
225409
38621
3000679
12697
1000036053
223405
3007279
240338
242266
242590
3013201
226644
3013067
241141
3015727
39589
25314
200140
38357
3006321
211543
213954
18469
214523
3007025
220799
1005004799
5126
225963
242068
227519
1000037903
3014223
6481
22289
20867
1000036587
20862
22863
3018335
35444
40266
34667
202704
3001146
234475
242528
1000038471
13781
235667
3614
3005111
235107
234498
21204
210436
7532
204728
40861
25803
1000017951
40551
218718
200083
39023
1000036754
224677
3005326
1005001384
3013211
13885
1000027336
3004116
3014209
3018548
24189
2363
201407
35222
210770
218999
200468
211186
37484
1103
3017889
231971
1005002058
242153
3013231
234472
3005159
243388
235116
206400
239193
38496
12885
36797
235798
41163
1000017005
1005002054
210972
200434
8434
236513
1000036690
225406
214242
1000038608
236344
1005000414
228304
201642
242863
13749
34201
15343
1000025553
212141
22339
9062
38684
37450
235613
240079
3005958
1000038609
3018626
242367
236909
1005003154
3018427
38073
28094
26516
26334
22823
218140
200470
212399
2722
1000031746
1005001838
230993
1005003017
25117
210735
241872
3005133
35434
35569
226155
239755
41709
1005002705
1000024565
225545
23996
39248
23263
18490
10680
1000034434
200349
205257
1000028906
223255
234581
1000029009
1005000481
1000003094
1005001546
220747
201883
4363
41539
218076
38434
211041
231188
1000020783
3014804
19711
28996
201025
1000038759
213373
3015708
241549
242216
3012334
12214
233369
21307
28052
40843
203847
35628
39509
26796
1000020789
211827
211201
1005001753
233666
3005678
1000036868
233422
240821
1000037116
1000025530
1005004804
22855
227420
2269
37112
225714
204327
210906
28217
218726
220989
212467
1005001885
3014004
3015124
3012397
226825
1000035624
1000035611
224540
202053
1005000771
3004125
210528
238526
202407
18654
210793
40879
3004934
3015189
203189
1000036904
42087
206418
3005725
235071
3019068
210637
1000024713
1000026016
240204
3013226
27022
202466
216961
3014598
212864
3013052
209443
211856
15107
201318
240566
23786
1005000756
231884
243628
24047
242056
243380
242665
3005607
3005928
3463
19556
240851
13982
4596
41530
234106
1000037755
1005001551
3005329
13466
203214
232881
242747
239164
233704
1005001956
206736
211665
21241
208137
217018
211472
1151
206445
207260
10222
21749
213866
3005155
242683
1005000707
216272
3005912
234450
237624
220773
1005001957
228958
38130
10081
1000027654
212362
207387
206264
19254
7573
242232
1005004165
224962
3004663
208007
3004795
3009203
242320
13237
3001022
222073
238047
202142
41405
212746
1000035146
1000015648
201626
212527
210269
200530
212407
232207
220792
3001158
225205
1005001883
232276
3004050
220313
234712
3006437
42025
17012
207378
211362
209493
1000001405
200367
1489
10490
232110
1000035616
1000034492
31833
235058
3004342
243973
3013329
236493
3006991
5169
1005002345
200617
231822
35701
209670
31049
23182
39782
3018262
23831
1005002425
3006532
3018573
1000039395
1005003014
243357
244256
5129
37016
7678
39938
13219
206730
4500
22603
212918
19831
211962
3004204
1000016853
1005000738
35646
1005001910
241938
3005097
211649
27893
209447
234494
3015123
3006162
212913
206971
26461
24776
27638
200710
2793
36996
3006974
236020
1000029435
241047
1005001399
1000032009
1000036431
1000038734
223649
3013268
206565
30200
39369
201908
1000036584
226931
219438
18673
223648
2887
201494
3013064
212941
223396
240181
239002
1005002826
3004228
224291
1000013909
227826
22806
1000017545
1000025248
29076
205349
38201
213688
213371
234524
1005001499
14347
3006187
242438
3000172
1000036707
240443
3014178
3018574
5139
26359
3004343
203894
41263
207195
20335
233733
23338
210290
1005002882
7883
234571
3004804
1000036711
1005001570
3018424
234659
1005001113
1005002591
243622
201891
5457
36248
244197
8176
206691
28612
211105
1000016993
233969
242278
1000030814
3007289
234952
1000040010
1000039007
240579
1000036880
219578
7308
228785
219245
219963
8139
35976
205340
216316
35245
200706
1005003059
233821
239922
3015167
242049
3004664
238376
1005001065
13465
12323
3007019
10122
226034
201590
3006435
20895
26423
223993
16902
206539
13521
209831
1000036893
242253
1005003601
223744
1000015927
3005827
208035
1000028308
243338
7897
240066
3012802
9818
26349
12373
212087
200705
3013212
8833
200525
1000025681
35787
234376
1005001694
1000035615
1000038131
242441
3019973
242097
1005003709
18191
9374
3012414
242912
211844
213228
207489
207637
1000025778
3023
201770
202270
1005004794
224457
1000039668
242696
224208
3015398
233998
242654
236989
215482
235314
2145
34895
1000033323
21438
1000038958
221748
26564
234502
3014927
1000036777
241927
3015066
234739
240353
3007006
232856
11374
200682
21794
202487
207174
23975
226031
205248
201210
225825
3012912
235054
1005002474
1005001519
225232
1005001103
36023
235760
241991
234090
201991
30095
211260
232022
211792
1000017530
24697
213436
1005000421
208090
1005000763
1000010076
234374
211986
1005003234
220446
242534
210050
2875
29428
210309
223938
36151
210200
200891
39322
237644
35005
26917
225025
234103
3004178
2086
241871
239809
242025
1005002211
218002
3005781
15296
201334
19780
200287
225224
39607
10923
32754
7776
209579
1000027568
3012771
239381
242459
243924
224355
1000026561
231718
1005003312
225783
212621
38575
36626
41482
204111
210777
37543
211368
233890
3006688
225575
242944
201440
1000036746
235605
225601
3004835
7363
1005000427
1005002025
224202
38292
201969
206433
21228
212176
207294
19842
244334
212526
234559
234692
225781
3013225
1005002419
39583
1000033682
204950
25673
3010244
1005001688
22167
236793
241343
6899
22658
212737
222964
12706
219219
1005001602
232466
26206
1000026503
3013736
1000024672
222199
1000028375
242059
3020323
236271
3013256
213257
9264
42129
3018362
211126
206614
201612
4474
211020
35671
215726
3014133
5124
3005842
225262
234509
213526
205332
229576
11504
206935
1000003590
10179
225358
22496
226263
1000035610
2960
1000039824
25906
39569
25217
3004949
223197
234304
240260
3005248
3013671
1005001921
1000038469
233307
36529
28174
21804
3006500
36581
200454
27934
41667
200467
25993
224212
216481
3015301
234447
241869
233656
242757
234647
39593
209962
5402
9460
204365
1000035618
3013502
36385
26730
1000027428
28678
240368
1005001508
3005088
1000036489
231111
240243
234550
213331
1000031801
211344
242392
208087
28202
10432
219375
207776
26238
201083
3004924
211330
243527
232060
1000039442
228275
3006777
242565
1005004797
240334
1005002035
1000024696
1005003071
11159
36868
28621
39615
39316
207516
8455
1005000843
38250
16308
225098
1000026336
234674
1005003266
27277
235212
234500
237795
6407
1000001347
211588
200126
216815
211599
210600
5040
42147
25135
242476
3014217
1000036679
22630
3006986
225366
224260
3015114
215530
1005003799
209753
206937
17714
40701
211375
1000016607
21522
207418
223876
207092
1000036580
242591
222128
20031
1005004827
236311
11664
220626
3006201
4382
1005004818
19906
1000037530
210437
26691
212099
207868
41130
243495
215804
239385
1005004861
1005000577
3018934
1005001752
1005002354
232197
1005003420
242321
231487
223481
1000035492
1000027301
216389
239263
3013701
3019935
239678
224430
240769
3014664
3015973
3020073
3013143
219574
21087
206290
209951
201109
32685
18927
200527
223691
35566
38773
40957
3014202
202973
234324
3017247
3015495
242303
3006825
3004398
235608
217316
41541
201488
1000013262
25459
24796
19778
1000019285
35496
227465
3017406
3019739
3006071
233217
227510
243779
3007327
3016812
210635
236680
7561
201487
215914
26108
201015
1000037808
23099
8668
212917
212610
3021965
3011876
3007370
216464
231651
3006232
240084
242931
3012626
218401
40710
212144
37061
22708
201089
4962
6999
213182
37350
215600
231393
3020324
3018853
3017569
3004333
3006080
3012588
3013819
233456
6158
210601
36843
878
206847
41671
207974
1000035186
236688
39737
3019318
3015073
3006619
201559
3012965
3007841
236763
3012483
3019936
3006844
31934
33795
213825
40314
14974
38228
202755
213632
232403
2171
3005067
3014932
239513
3014265
202614
3019816
3012631
3019874
240100
232158
1005004748
1000035489
30598
10389
200092
3019977
3019756
3020268
3019638
3019597
204777
204474
203739
3007766
207851
207406
7177
35225
227918
216694
3016775
3016057
236110
219909
3006744
231288
242077
242632
229439
225479
3020880
236468
3013385
238592
212333
41803
1000035195
17168
36127
39576
229974
210695
244646
3015656
3019249
230395
3016002
242028
3018614
3006115
3020680
241561
4316
15205
20014
201104
20101
24039
3005188
207890
12382
3008082
3012696
229214
3014524
3012396
243681
231458
3005898
3014658
217577
206431
38033
25796
213184
1005004768
42149
28701
210495
209783
42158
1000034086
3007772
3016177
208217
232599
3007004
240139
3019760
3013488
3018655
29939
216522
1000026541
1000027948
222205
27862
230740
3412
9811
213052
3844
3005199
210458
3019574
3014753
230580
3019862
3014735
234305
3013742
3018997
1000007102
3004753
210348
203445
225520
214216
1000037815
20404
201051
216160
3015828
3015961
3013600
34956
3014704
3015002
234306
3006103
232289
3020363
3018553
32682
210933
233837
213564
242702
3005801
3017024
241688
231042
3005542
242907
3015718
11131
3018010
3005726
233257
212744
22091
20333
210038
201254
29645
37959
37870
243083
3006085
203973
3017896
3016270
226946
3005670
24178
3019559
3019753
3005773
1000034845
8582
202225
37425
200157
16254
243688
41542
26344
3013503
222896
226396
232215
224759
3014318
238703
3020399
210665
240863
3019436
23592
3015922
22966
201081
37474
210801
206575
212038
201398
212058
3017743
3019726
3014053
240543
3014578
3012073
241638
3015807
3013582
25551
33845
213048
214083
235129
22325
1005000298
232434
1000000316
3006891
3005639
242655
3020925
242630
3015115
34143
3006845
3012168
26908
3015263
210158
21806
25099
227888
219129
21782
36047
36698
5634
35066
3020590
3018949
3017473
3018125
3020109
241203
3005184
3015174
3006890
3012203
200849
1000023981
201490
201785
20906
212401
12470
242821
201200
3016221
3012431
3019355
3014263
3019788
244509
234215
233447
215527
226780
8042
231027
1000034258
8201
240226
207880
211957
9145
39155
236163
201394
239602
3006828
3017865
3018032
3012379
3016595
3016176
242631
3021774
224405
240823
9530
9331
1000035493
241207
210324
235588
34428
23482
3016838
19020
3012658
3007410
229159
3015005
3016703
3020141
3007434
238917
36073
3019496
204285
38312
1005000334
206749
205153
206938
201698
4943
206094
3004105
3006648
3018337
3006879
240675
3012503
3018558
3006413
37420
3014891
3011277
8229
21584
214317
206059
37035
207947
201146
26191
207425
3019486
3006488
3006273
3017885
3017915
3017923
8604
3005974
3012990
3019347
3013914
3015181
200236
1716
201495
1000024965
207312
24259
206652
239272
3019852
3019273
3006336
3004498
3018627
3012533
237146
3018549
3019449
3019646
38134
202351
10001
15971
37777
3005118
200143
223892
40960
3004833
3018473
234521
3007571
3018349
239568
3012743
3016865
3012039
212768
206536
211710
206968
211830
38991
218882
39323
39767
209382
23969
14643
3004831
3018971
3020587
3012019
3020566
3005988
3004819
3016503
35487
3017433
3018819
3007736
230916
21778
211788
235646
230870
207800
226056
24264
3014348
3021180
3019778
3017977
3019204
3016853
3019623
3017097
3016592
3014930
37270
240719
3016071
3004172
37006
41514
201768
22844
227937
3006593
3019297
3020993
3012773
3015004
3013710
3005213
217811
3015999
3012985
25670
1000039716
211937
28384
1000001430
41882
212603
209417
9603
1000034176
3014885
3005955
3007506
3020601
3005839
3012949
3018690
3017930
3017927
209448
3008748
3549
224705
210708
214161
1000024654
236355
1000020056
201354
224489
200767
3019897
242824
3020255
3014153
3011226
3020290
3007791
3013468
35916
3005987
3017779
200382
8956
26192
226301
236277
211178
210095
38577
10396
25473
3018193
3009317
3018128
234269
225199
232150
3016253
3020700
241578
3005855
209833
35881
206714
3007262
27160
6329
35184
38610
3017246
3016454
3020099
3019493
3020258
3018162
3017754
3014010
3014350
3013462
212673
214750
28154
219417
211813
10807
201125
217776
8785
25247
206006
3018065
3016005
3019186
3006826
3011967
3016965
3013455
3018196
3012866
3020614
25549
226128
38785
3016291
40454
212157
213096
26805
209360
34755
3015455
3005430
3012195
3006563
3020256
3006803
243744
210917
3000656
3014338
3015821
206095
10073
214239
243035
18427
3013452
39952
36884
208047
35312
3016063
3021240
3013946
3015812
3019706
3019910
3013574
3006157
3022020
3016324
38475
210583
3006774
219001
215171
8624
216819
40902
3017225
3021168
3012651
3019244
3000877
3017093
3019023
235455
210964
3021016
3017726
3005931
213775
38467
41155
200056
36644
209622
207903
213766
1510
3016836
3017102
243231
3018041
243632
3013564
3016599
1000025506
3013847
19361
3020275
3020963
1000035833
35888
207645
210207
21259
34672
210697
207725
214135
3006295
37532
217795
3020082
3012440
3019635
3007390
18735
3014969
240834
3018756
3017769
3021266
3015936
8216
210169
210674
35777
1000035189
1000025585
3006992
3019418
3017164
3015435
3016891
3013576
3018008
3020194
3021136
28264
12882
3019428
41517
36510
1005004786
234834
18595
26424
27145
3020649
21844
3016902
7602
3021513
3020465
3017719
3013140
3013236
3020730
3020204
3017880
203240
3015051
20721
11236
222865
210016
224644
3012117
3018408
3013431
3019802
3016985
3014939
3017731
3019515
3014224
3016813
39933
201498
23366
231286
11520
3004673
20649
206434
3536
1000036114
242152
39182
3018857
3006611
3017404
3019503
3020378
3018052
3018989
3018438
243096
3014713
24918
35067
21761
3059
34237
3009162
36136
200253
215748
3013527
3012663
3020186
3018536
3017134
3020381
3019094
3020314
3018211
3015343
211708
231745
26249
201132
232673
209707
25139
1000035190
8638
36745
3017946
3014703
3011964
3018540
3016017
3017434
3014100
3016591
3017271
3017511
212160
36737
17382
37622
213075
37236
221364
225999
35629
3020781
3007062
3021026
243631
3012571
3017537
3020834
3001066
3015155
3014255
206669
3015811
217035
7470
40727
11674
4163
221440
20361
1000004269
3010628
3008791
3020881
3012410
3013322
3020609
3019188
3014996
18641
3018983
3018839
211021
34951
38010
1000035228
210292
22885
214206
3016886
15712
3021463
240175
3017136
3016689
3020540
3016929
3017355
3020357
3020202
3016602
212258
36258
206923
205696
38675
3011306
10896
216001
3009209
3020241
3013433
3020984
3017044
3016730
3019141
3006421
3021472
3016095
3019740
205050
25572
36665
3139
41337
223937
206480
3004527
28548
38422
35918
3019683
3017488
15778
3021552
3017709
3000042
3021166
3017020
3019114
37755
3019380
3019468
3013063
39161
206262
211430
41341
36105
215705
25645
226200
3020502
3021756
3018356
3015992
3017922
3018864
3019411
3020226
210066
3013449
3021383
20536
200147
40781
234211
41142
37353
1582
35271
3017514
3017811
3017853
3021280
3018905
3005917
3019079
3020970
3019176
3017808
1000035506
206826
203610
3704
222914
4107
213423
8256
215797
1000035505
36817
3019539
7422
3016831
3019601
3017807
3021304
3020916
3016224
3016062
3015320
3020510
211635
1746
34710
214087
203738
210005
236960
3012261
3019579
3020708
3014888
3017109
3017442
3016704
3020895
10903
3020874
3016993
24002
41762
221990
34801
213342
226050
207535
37359
25064
227317
201336
3018201
3020626
3016910
3019927
3019157
3016486
3017128
3014355
3018608
3019534
